0.19870159000038257
0.12869668799976353
0.09509225600049831
0.09905968899965956
0.13019028200051252
0.06878475000030448
0.09939223600031255
0.10111189800045395
0.12868987799993192
0.07060848399942188
0.10014874699936627
0.09960458400018979
0.13742912700035959
0.06402603599963186
0.09902786400016339
0.10012412199921528
0.14096922899989295
0.1259356509999634
0.09966825300034543
0.10096742900077516
0.11810758199953852
0.08179559400014114
0.10024562499984313
0.09930000999975164
0.14913964799961832
0.12146113500057254
0.09707849999995233
0.099965933999556
0.14454188999934559
0.12363339199964685
0.09856978399966465
0.10569840199968894
0.15098268600013398
0.10867531500025507
0.1063909730000887
0.09320290300001943
0.1417123340006583
0.13033286599966232
0.09488236299966957
0.10033035799915524
0.1477283680005712
0.11895273699974496
0.10255531700022402
0.09742270300012024
0.12747044099978666
0.072906812999463
0.10116159199969843
0.10182129100030579
0.12690868400022737
0.07139966500017181
0.10568769599922234
0.10830514100052824
0.12141565899946727
0.07101316099942778
0.08962776599946665
0.11597878099928494
0.08561759199983499
0.0983469030006745
0.10150362600052176
0.10043203700024605
0.10584504899998137
0.09249124200050574
0.11821546600003785
0.11040779799986922
0.07603947200004768
0.09547930699955032
0.1002548240003307
0.11933904199941026
0.08430179400056659
0.09651284899973689
0.10918566200052737
0.10575487599999178
0.0862281179997808
0.09929338099937013
0.09921086899976217
0.11163946899978328
0.10327065199999197
0.09748835400023381
0.0879658929998186
0.10087260999989667
0.10898310300035519
0.0922673750001195
0.10193505400002323
0.1344338049993894
0.07668553600069572
0.0958561040006316
0.09397313299996313
0.09575840400066227
0.10000483000021632
0.09903757000029145
0.10624983700017765
0.0951632439991954
0.09972945400022581
0.09899084999960905
0.13113291500030755
0.0709868700005245
0.09877297200000612
0.09949894700002915
0.10010953700020764
0.10049548900042282
